    116
AP023078 0.0 2.0794415416798357 2.5902671654458267 2.0794415416798357 3.6888794541139363 3.6888794541139363 3.6888794541139363 2.0794415416798357 2.0794415416798357 1.9740810260220096 1.742969305058623 1.742969305058623 2.0281482472922856 1.2909841813155656 2.0794415416798357 2.538973871058276 2.0794415416798357 2.5902671654458267 1.6486586255873816 2.0794415416798357 2.0794415416798357 2.5902671654458267 2.5902671654458267 3.58351893845611 3.4657359027997265 1.742969305058623 1.6916760106710724 2.538973871058276 2.0281482472922856 2.0794415416798357 2.538973871058276 1.742969305058623 2.0794415416798357 1.6916760106710724 1.2396908869280152 1.2039728043259361 1.2909841813155656 1.742969305058623 1.6916760106710724 2.0794415416798357 2.0794415416798357 2.0794415416798357 2.5902671654458267 2.0794415416798357 2.0794415416798357 0.4700036292457356 1.2909841813155656 3.6375861597263857 2.0794415416798357 2.0794415416798357 2.0794415416798357 1.742969305058623 0.5533852381847867 1.742969305058623 1.742969305058623 2.0794415416798357 2.0794415416798357 2.0794415416798357 2.0794415416798357 0.8556661100577202 0.8556661100577202 2.0794415416798357 0.8556661100577202 2.5902671654458267 1.8562979903656263 2.890371757896165 2.538973871058276 2.5902671654458267 2.5902671654458267 2.5902671654458267 2.5902671654458267 2.5902671654458267 2.5902671654458267 2.5902671654458267 2.538973871058276 2.538973871058276 0.5533852381847867 2.5902671654458267 2.5902671654458267 2.5902671654458267 2.5902671654458267 1.742969305058623 2.0794415416798357 2.0794415416798357 2.0794415416798357 2.0794415416798357 2.0794415416798357 2.0794415416798357 2.0794415416798357 2.0794415416798357 2.0794415416798357 2.0794415416798357 2.0794415416798357 1.742969305058623 1.6376087894007967 1.742969305058623 1.491654876777717 2.0794415416798357 2.5902671654458267 2.0794415416798357 1.2909841813155656 3.6888794541139363 1.491654876777717 2.0794415416798357 2.5902671654458267 2.0794415416798357 2.0794415416798357 2.0794415416798357 0.8556661100577202 2.0794415416798357 1.491654876777717 1.742969305058623 3.5263605246161616 0.8556661100577202 1.742969305058623 1.742969305058623
CP000865 2.0794415416798357 0.0 1.742969305058623 2.0794415416798357 3.6888794541139363 3.6888794541139363 3.6888794541139363 2.0794415416798357 0.32158362412746233 1.9740810260220096 1.2909841813155656 1.742969305058623 0.5930637220029626 0.5533852381847867 0.32158362412746233 0.3417492937220567 1.742969305058623 1.742969305058623 3.258096538021482 2.0794415416798357 2.0794415416798357 1.742969305058623 1.742969305058623 3.58351893845611 3.4657359027997265 1.742969305058623 1.6916760106710724 2.0281482472922856 2.0281482472922856 2.0794415416798357 2.0281482472922856 1.742969305058623 0.3930425881096072 2.0281482472922856 0.5930637220029626 0.5679840376059393 0.5533852381847867 1.491654876777717 1.6916760106710724 0.32158362412746233 0.32158362412746233 0.32158362412746233 1.742969305058623 0.32158362412746233 0.32158362412746233 2.5902671654458267 0.5533852381847867 2.538973871058276 0.32158362412746233 0.32158362412746233 0.32158362412746233 1.742969305058623 2.5902671654458267 1.742969305058623 1.2909841813155656 0.3930425881096072 0.3930425881096072 0.32158362412746233 0.32158362412746233 1.2909841813155656 1.2909841813155656 2.0794415416798357 1.2909841813155656 2.0794415416798357 0.33024168687057687 2.890371757896165 1.6916760106710724 1.742969305058623 1.742969305058623 1.742969305058623 1.742969305058623 1.742969305058623 2.0794415416798357 1.742969305058623 2.0281482472922856 1.6916760106710724 1.1239300966523995 1.742969305058623 1.742969305058623 1.742969305058623 1.742969305058623 1.491654876777717 0.3930425881096072 0.3930425881096072 0.3930425881096072 0.3930425881096072 0.3930425881096072 0.3930425881096072 0.3930425881096072 0.3930425881096072 0.3930425881096072 0.32158362412746233 0.3930425881096072 0.5533852381847867 2.4849066497880004 0.4700036292457356 2.5902671654458267 0.32158362412746233 1.742969305058623 2.0794415416798357 0.4700036292457356 3.6888794541139363 0.4700036292457356 0.3930425881096072 0.3930425881096072 0.3930425881096072 0.32158362412746233 0.32158362412746233 1.742969305058623 2.0794415416798357 0.8556661100577202 1.742969305058623 3.5263605246161616 1.2909841813155656 1.742969305058623 1.742969305058623
CP001922 2.5902671654458267 1.742969305058623 0.0 0.8556661100577202 3.6888794541139363 3.6888794541139363 3.6888794541139363 0.8556661100577202 1.491654876777717 1.0185695809945732 0.9808292530117262 0.19237189264745613 1.6916760106710724 2.0794415416798357 1.491654876777717 1.4403615823901665 0.25489224962879004 0.4700036292457356 2.159484249353372 0.32158362412746233 0.32158362412746233 0.025317807984289897 0.0779615414697118 3.58351893845611 3.4657359027997265 0.19237189264745613 0.14107859825990549 0.08223809823697212 0.8043728156701697 0.8556661100577202 0.026668247082161294 0.19237189264745613 1.491654876777717 0.5930637220029626 2.0281482472922856 1.791759469228055 2.0794415416798357 2.5902671654458267 0.14107859825990549 1.491654876777717 1.491654876777717 1.491654876777717 0.4700036292457356 1.491654876777717 1.491654876777717 2.5902671654458267 2.0794415416798357 2.0281482472922856 1.491654876777717 1.491654876777717 1.491654876777717 0.19237189264745613 2.5902671654458267 0.19237189264745613 0.9808292530117262 1.491654876777717 1.491654876777717 1.491654876777717 1.491654876777717 2.0794415416798357 2.0794415416798357 0.8556661100577202 2.0794415416798357 0.0779615414697118 1.5198257537444133 2.890371757896165 0.41871033485818493 0.6443570163905132 0.4700036292457356 0.5533852381847867 0.4700036292457356 0.5533852381847867 0.6443570163905132 0.4700036292457356 0.6931471805599453 0.5020919437972361 2.0794415416798357 0.0779615414697118 0.0779615414697118 0.0779615414697118 0.0779615414697118 2.5902671654458267 1.491654876777717 1.491654876777717 1.491654876777717 1.491654876777717 1.491654876777717 1.491654876777717 1.491654876777717 1.491654876777717 1.491654876777717 1.491654876777717 1.491654876777717 2.0794415416798357 1.9740810260220096 2.0794415416798357 2.0794415416798357 1.491654876777717 0.4700036292457356 0.8556661100577202 2.0794415416798357 3.6888794541139363 2.0794415416798357 1.491654876777717 1.491654876777717 1.491654876777717 1.491654876777717 1.491654876777717 2.0794415416798357 0.8556661100577202 1.742969305058623 0.19237189264745613 3.5263605246161616 2.0794415416798357 0.19237189264745613 0.25489224962879004
CP002524 2.0794415416798357 2.0794415416798357 0.8556661100577202 0.0 3.6888794541139363 3.6888794541139363 3.6888794541139363 0.025317807984289897 2.0794415416798357 0.028170876966696335 0.32158362412746233 0.8556661100577202 2.0281482472922856 2.0794415416798357 2.0794415416798357 2.0281482472922856 0.8556661100577202 1.491654876777717 0.03922071315328127 0.7444404749474959 0.7444404749474959 0.8556661100577202 0.8556661100577202 3.58351893845611 3.4657359027997265 0.9808292530117262 0.8043728156701697 0.8043728156701697 0.026668247082161294 0.025317807984289897 0.9295359586241757 0.8556661100577202 2.0794415416798357 0.2702903297399117 2.0281482472922856 2.3025850929940455 2.0794415416798357 2.5902671654458267 0.8043728156701697 2.0794415416798357 2.0794415416798357 2.0794415416798357 1.491654876777717 2.0794415416798357 2.0794415416798357 2.0794415416798357 2.0794415416798357 2.0281482472922856 2.0794415416798357 2.0794415416798357 2.0794415416798357 0.9808292530117262 2.0794415416798357 0.9808292530117262 0.32158362412746233 2.0794415416798357 2.0794415416798357 2.0794415416798357 2.0794415416798357 2.0794415416798357 2.0794415416798357 0.025317807984289897 2.0794415416798357 0.8556661100577202 1.8562979903656263 2.890371757896165 1.4403615823901665 1.491654876777717 1.491654876777717 1.491654876777717 1.491654876777717 1.491654876777717 1.491654876777717 1.491654876777717 1.4403615823901665 1.4403615823901665 2.0794415416798357 0.8556661100577202 0.8556661100577202 0.8556661100577202 0.8556661100577202 2.5902671654458267 2.0794415416798357 2.0794415416798357 2.0794415416798357 2.0794415416798357 2.0794415416798357 2.0794415416798357 2.0794415416798357 2.0794415416798357 2.0794415416798357 2.0794415416798357 2.0794415416798357 2.5902671654458267 1.1856236656577395 2.5902671654458267 1.742969305058623 2.0794415416798357 1.491654876777717 0.025317807984289897 2.0794415416798357 3.6888794541139363 2.5902671654458267 2.0794415416798357 2.0794415416798357 2.0794415416798357 2.0794415416798357 2.0794415416798357 1.742969305058623 0.025317807984289897 2.0794415416798357 0.8556661100577202 3.5263605246161616 2.0794415416798357 0.8556661100577202 0.8556661100577202
CP003501 3.6888794541139363 3.6888794541139363 3.6888794541139363 3.6888794541139363 0.0 0.0779615414697118 0.0779615414697118 3.6888794541139363 3.6888794541139363 3.58351893845611 3.6888794541139363 3.6888794541139363 3.6375861597263857 3.6888794541139363 3.6888794541139363 3.6375861597263857 3.6888794541139363 3.6888794541139363 3.258096538021482 3.6888794541139363 3.6888794541139363 3.6888794541139363 3.6888794541139363 0.08701137698962981 0.09844007281325252 3.6888794541139363 3.6375861597263857 3.6375861597263857 3.6375861597263857 3.6888794541139363 3.6375861597263857 3.6888794541139363 3.6888794541139363 3.6375861597263857 3.6375861597263857 3.4011973816621555 3.6888794541139363 3.6888794541139363 3.6375861597263857 3.6888794541139363 3.6888794541139363 3.6888794541139363 3.6888794541139363 3.6888794541139363 3.6888794541139363 3.6888794541139363 3.6888794541139363 3.6375861597263857 3.6888794541139363 3.6888794541139363 3.6888794541139363 3.6888794541139363 3.6888794541139363 3.6888794541139363 3.6888794541139363 3.6888794541139363 3.6888794541139363 3.6888794541139363 3.6888794541139363 3.6888794541139363 3.6888794541139363 3.6888794541139363 3.6888794541139363 3.6888794541139363 3.4657359027997265 0.6931471805599453 3.6375861597263857 3.6888794541139363 3.6888794541139363 3.6888794541139363 3.6888794541139363 3.6888794541139363 3.6888794541139363 3.6888794541139363 3.6375861597263857 3.6375861597263857 3.6888794541139363 3.6888794541139363 3.6888794541139363 3.6888794541139363 3.6888794541139363 3.6888794541139363 3.6888794541139363 3.6888794541139363 3.6888794541139363 3.6888794541139363 3.6888794541139363 3.6888794541139363 3.6888794541139363 3.6888794541139363 3.6888794541139363 3.6888794541139363 3.6888794541139363 3.6888794541139363 3.58351893845611 3.6888794541139363 3.6888794541139363 3.6888794541139363 3.6888794541139363 3.6888794541139363 3.6888794541139363 0.025317807984289897 3.6888794541139363 3.6888794541139363 3.6888794541139363 3.6888794541139363 3.6888794541139363 3.6888794541139363 3.6888794541139363 3.6888794541139363 3.6888794541139363 3.6888794541139363 0.02985296314968116 3.6888794541139363 3.6888794541139363 3.6888794541139363
CP003887 3.6888794541139363 3.6888794541139363 3.6888794541139363 3.6888794541139363 0.0779615414697118 0.0 0.025317807984289897 3.6888794541139363 3.6888794541139363 3.58351893845611 3.6888794541139363 3.6888794541139363 3.6375861597263857 3.6888794541139363 3.6888794541139363 3.6375861597263857 3.6888794541139363 3.6888794541139363 3.258096538021482 3.6888794541139363 3.6888794541139363 3.6888794541139363 3.6888794541139363 0.1495317339709637 0.16989903679539747 3.6888794541139363 3.6375861597263857 3.6375861597263857 3.6375861597263857 3.6888794541139363 3.6375861597263857 3.6888794541139363 3.6888794541139363 3.6375861597263857 3.6375861597263857 3.4011973816621555 3.6888794541139363 3.6888794541139363 3.6375861597263857 3.6888794541139363 3.6888794541139363 3.6888794541139363 3.6888794541139363 3.6888794541139363 3.6888794541139363 3.6888794541139363 3.6888794541139363 3.6375861597263857 3.6888794541139363 3.6888794541139363 3.6888794541139363 3.6888794541139363 3.6888794541139363 3.6888794541139363 3.6888794541139363 3.6888794541139363 3.6888794541139363 3.6888794541139363 3.6888794541139363 3.6888794541139363 3.6888794541139363 3.6888794541139363 3.6888794541139363 3.6888794541139363 3.4657359027997265 0.9444616088408514 3.6375861597263857 3.6888794541139363 3.6888794541139363 3.6888794541139363 3.6888794541139363 3.6888794541139363 3.6888794541139363 3.6888794541139363 3.6375861597263857 3.6375861597263857 3.6888794541139363 3.6888794541139363 3.6888794541139363 3.6888794541139363 3.6888794541139363 3.6888794541139363 3.6888794541139363 3.6888794541139363 3.6888794541139363 3.6888794541139363 3.6888794541139363 3.6888794541139363 3.6888794541139363 3.6888794541139363 3.6888794541139363 3.6888794541139363 3.6888794541139363 3.6888794541139363 3.58351893845611 3.6888794541139363 3.6888794541139363 3.6888794541139363 3.6888794541139363 3.6888794541139363 3.6888794541139363 0.0779615414697118 3.6888794541139363 3.6888794541139363 3.6888794541139363 3.6888794541139363 3.6888794541139363 3.6888794541139363 3.6888794541139363 3.6888794541139363 3.6888794541139363 3.6888794541139363 0.09237332013101517 3.6888794541139363 3.6888794541139363 3.6888794541139363
CP003888 3.6888794541139363 3.6888794541139363 3.6888794541139363 3.6888794541139363 0.0779615414697118 0.025317807984289897 0.0 3.6888794541139363 3.6888794541139363 3.58351893845611 3.6888794541139363 3.6888794541139363 3.6375861597263857 3.6888794541139363 3.6888794541139363 3.6375861597263857 3.6888794541139363 3.6888794541139363 3.258096538021482 3.6888794541139363 3.6888794541139363 3.6888794541139363 3.6888794541139363 0.1495317339709637 0.16989903679539747 3.6888794541139363 3.6375861597263857 3.6375861597263857 3.6375861597263857 3.6888794541139363 3.6375861597263857 3.6888794541139363 3.6888794541139363 3.6375861597263857 3.6375861597263857 3.4011973816621555 3.6888794541139363 3.6888794541139363 3.6375861597263857 3.6888794541139363 3.6888794541139363 3.6888794541139363 3.6888794541139363 3.6888794541139363 3.6888794541139363 3.6888794541139363 3.6888794541139363 3.6375861597263857 3.6888794541139363 3.6888794541139363 3.6888794541139363 3.6888794541139363 3.6888794541139363 3.6888794541139363 3.6888794541139363 3.6888794541139363 3.6888794541139363 3.6888794541139363 3.6888794541139363 3.6888794541139363 3.6888794541139363 3.6888794541139363 3.6888794541139363 3.6888794541139363 3.4657359027997265 0.9444616088408514 3.6375861597263857 3.6888794541139363 3.6888794541139363 3.6888794541139363 3.6888794541139363 3.6888794541139363 3.6888794541139363 3.6888794541139363 3.6375861597263857 3.6375861597263857 3.6888794541139363 3.6888794541139363 3.6888794541139363 3.6888794541139363 3.6888794541139363 3.6888794541139363 3.6888794541139363 3.6888794541139363 3.6888794541139363 3.6888794541139363 3.6888794541139363 3.6888794541139363 3.6888794541139363 3.6888794541139363 3.6888794541139363 3.6888794541139363 3.6888794541139363 3.6888794541139363 3.58351893845611 3.6888794541139363 3.6888794541139363 3.6888794541139363 3.6888794541139363 3.6888794541139363 3.6888794541139363 0.0779615414697118 3.6888794541139363 3.6888794541139363 3.6888794541139363 3.6888794541139363 3.6888794541139363 3.6888794541139363 3.6888794541139363 3.6888794541139363 3.6888794541139363 3.6888794541139363 0.09237332013101517 3.6888794541139363 3.6888794541139363 3.6888794541139363
CP007580 2.0794415416798357 2.0794415416798357 0.8556661100577202 0.025317807984289897 3.6888794541139363 3.6888794541139363 3.6888794541139363 0.0 2.0794415416798357 0.028170876966696335 0.32158362412746233 0.8556661100577202 2.0281482472922856 2.0794415416798357 2.0794415416798357 2.0281482472922856 0.8556661100577202 1.491654876777717 0.03922071315328127 0.7444404749474959 0.7444404749474959 0.8556661100577202 0.8556661100577202 3.58351893845611 3.4657359027997265 0.9808292530117262 0.8043728156701697 0.8043728156701697 0.026668247082161294 0.025317807984289897 0.9295359586241757 0.8556661100577202 2.0794415416798357 0.2702903297399117 2.0281482472922856 2.3025850929940455 2.0794415416798357 2.5902671654458267 0.8043728156701697 2.0794415416798357 2.0794415416798357 2.0794415416798357 1.491654876777717 2.0794415416798357 2.0794415416798357 2.0794415416798357 2.0794415416798357 2.0281482472922856 2.0794415416798357 2.0794415416798357 2.0794415416798357 0.9808292530117262 2.0794415416798357 0.9808292530117262 0.32158362412746233 2.0794415416798357 2.0794415416798357 2.0794415416798357 2.0794415416798357 2.0794415416798357 2.0794415416798357 0.025317807984289897 2.0794415416798357 0.8556661100577202 1.8562979903656263 2.890371757896165 1.4403615823901665 1.491654876777717 1.491654876777717 1.491654876777717 1.491654876777717 1.491654876777717 1.491654876777717 1.491654876777717 1.4403615823901665 1.4403615823901665 2.0794415416798357 0.8556661100577202 0.8556661100577202 0.8556661100577202 0.8556661100577202 2.5902671654458267 2.0794415416798357 2.0794415416798357 2.0794415416798357 2.0794415416798357 2.0794415416798357 2.0794415416798357 2.0794415416798357 2.0794415416798357 2.0794415416798357 2.0794415416798357 2.0794415416798357 2.5902671654458267 1.1856236656577395 2.5902671654458267 1.742969305058623 2.0794415416798357 1.491654876777717 0.025317807984289897 2.0794415416798357 3.6888794541139363 2.5902671654458267 2.0794415416798357 2.0794415416798357 2.0794415416798357 2.0794415416798357 2.0794415416798357 1.742969305058623 0.025317807984289897 2.0794415416798357 0.8556661100577202 3.5263605246161616 2.0794415416798357 0.8556661100577202 0.8556661100577202
CP008707 2.0794415416798357 0.32158362412746233 1.491654876777717 2.0794415416798357 3.6888794541139363 3.6888794541139363 3.6888794541139363 2.0794415416798357 0.0 1.9740810260220096 1.1239300966523995 1.491654876777717 0.20359895524123955 0.32158362412746233 0.025317807984289897 0.08223809823697212 1.491654876777717 1.491654876777717 3.258096538021482 1.742969305058623 1.742969305058623 1.491654876777717 1.491654876777717 3.58351893845611 3.4657359027997265 1.491654876777717 1.4403615823901665 1.6916760106710724 2.0281482472922856 2.0794415416798357 1.6916760106710724 1.491654876777717 0.0779615414697118 2.0281482472922856 0.3417492937220567 0.456758402495715 0.32158362412746233 1.2909841813155656 1.4403615823901665 0.025317807984289897 0.025317807984289897 0.025317807984289897 1.491654876777717 0.025317807984289897 0.025317807984289897 2.5902671654458267 0.32158362412746233 2.538973871058276 0.025317807984289897 0.025317807984289897 0.025317807984289897 1.491654876777717 2.5902671654458267 1.491654876777717 1.1239300966523995 0.0779615414697118 0.0779615414697118 0.025317807984289897 0.025317807984289897 1.2909841813155656 1.2909841813155656 2.0794415416798357 1.2909841813155656 1.742969305058623 0.0317486983145803 2.890371757896165 1.4403615823901665 1.491654876777717 1.491654876777717 1.491654876777717 1.491654876777717 1.491654876777717 1.742969305058623 1.491654876777717 1.6916760106710724 1.4403615823901665 0.9808292530117262 1.491654876777717 1.491654876777717 1.491654876777717 1.491654876777717 1.2909841813155656 0.0779615414697118 0.0779615414697118 0.0779615414697118 0.0779615414697118 0.0779615414697118 0.0779615414697118 0.0779615414697118 0.0779615414697118 0.0779615414697118 0.025317807984289897 0.0779615414697118 0.6443570163905132 2.4849066497880004 0.5533852381847867 2.5902671654458267 0.0779615414697118 1.491654876777717 2.0794415416798357 0.25489224962879004 3.6888794541139363 0.25489224962879004 0.0779615414697118 0.13353139262452263 0.0779615414697118 0.025317807984289897 0.025317807984289897 1.742969305058623 2.0794415416798357 0.6443570163905132 1.491654876777717 3.5263605246161616 0.9808292530117262 1.491654876777717 1.742969305058623
CP008851 1.9740810260220096 1.9740810260220096 1.0185695809945732 0.028170876966696335 3.58351893845611 3.58351893845611 3.58351893845611 0.028170876966696335 1.9740810260220096 0.0 0.2876820724517809 1.0185695809945732 1.916922612182061 1.9740810260220096 1.9740810260220096 1.916922612182061 1.0185695809945732 1.6376087894007967 0.03922071315328127 0.8754687373538999 0.8754687373538999 1.0185695809945732 1.0185695809945732 3.4657359027997265 3.332204510175204 1.0185695809945732 0.9614111671546247 0.9614111671546247 0.02985296314968116 0.028170876966696335 1.128465251817791 1.0185695809945732 1.9740810260220096 0.2876820724517809 1.916922612182061 2.159484249353372 1.9740810260220096 2.4849066497880004 0.9614111671546247 1.9740810260220096 1.9740810260220096 1.9740810260220096 1.6376087894007967 1.9740810260220096 1.9740810260220096 1.9740810260220096 1.9740810260220096 2.4849066497880004 1.9740810260220096 1.9740810260220096 1.9740810260220096 1.0185695809945732 1.9740810260220096 1.0185695809945732 0.2876820724517809 1.9740810260220096 1.9740810260220096 1.9740810260220096 1.9740810260220096 1.9740810260220096 1.9740810260220096 0.028170876966696335 1.9740810260220096 1.0185695809945732 1.7227665977411035 2.890371757896165 1.580450375560848 1.6376087894007967 1.6376087894007967 1.6376087894007967 1.6376087894007967 1.6376087894007967 1.6376087894007967 1.6376087894007967 1.580450375560848 1.580450375560848 1.9740810260220096 1.0185695809945732 1.0185695809945732 1.0185695809945732 1.0185695809945732 2.4849066497880004 1.9740810260220096 1.9740810260220096 1.9740810260220096 1.9740810260220096 1.9740810260220096 1.9740810260220096 1.9740810260220096 1.9740810260220096 1.9740810260220096 1.9740810260220096 1.9740810260220096 2.4849066497880004 1.067840630001356 2.4849066497880004 1.6376087894007967 1.9740810260220096 1.6376087894007967 0.028170876966696335 1.9740810260220096 3.58351893845611 2.4849066497880004 1.9740810260220096 1.9740810260220096 1.9740810260220096 1.9740810260220096 1.9740810260220096 1.6376087894007967 0.028170876966696335 2.4849066497880004 1.0185695809945732 3.4011973816621555 1.9740810260220096 1.0185695809945732 1.0185695809945732
CP012008 1.742969305058623 1.2909841813155656 0.9808292530117262 0.32158362412746233 3.6888794541139363 3.6888794541139363 3.6888794541139363 0.32158362412746233 1.1239300966523995 0.2876820724517809 0.0 0.8556661100577202 1.2396908869280152 1.2909841813155656 1.1239300966523995 1.2396908869280152 0.9808292530117262 1.491654876777717 0.42488319396526597 0.8556661100577202 0.8556661100577202 0.9808292530117262 0.9808292530117262 3.58351893845611 3.4657359027997265 0.8556661100577202 0.8043728156701697 0.9295359586241757 0.3417492937220567 0.32158362412746233 1.072636802264849 0.8556661100577202 1.2909841813155656 0.2702903297399117 1.2396908869280152 1.2039728043259361 1.2909841813155656 1.491654876777717 0.8043728156701697 1.1239300966523995 1.1239300966523995 1.1239300966523995 1.491654876777717 1.1239300966523995 1.1239300966523995 1.742969305058623 1.2909841813155656 2.0281482472922856 1.1239300966523995 1.1239300966523995 1.1239300966523995 0.8556661100577202 1.742969305058623 0.8556661100577202 0.025317807984289897 1.1239300966523995 1.1239300966523995 1.1239300966523995 1.1239300966523995 1.742969305058623 1.742969305058623 0.32158362412746233 1.742969305058623 0.9808292530117262 1.5198257537444133 2.890371757896165 1.4403615823901665 1.491654876777717 1.491654876777717 1.491654876777717 1.491654876777717 1.491654876777717 1.491654876777717 1.491654876777717 1.4403615823901665 1.4403615823901665 1.742969305058623 0.9808292530117262 0.9808292530117262 0.9808292530117262 0.9808292530117262 1.491654876777717 1.1239300966523995 1.1239300966523995 1.1239300966523995 1.1239300966523995 1.1239300966523995 1.1239300966523995 1.1239300966523995 1.1239300966523995 1.1239300966523995 1.1239300966523995 1.2909841813155656 1.742969305058623 1.1856236656577395 1.491654876777717 1.742969305058623 1.1239300966523995 1.491654876777717 0.32158362412746233 1.1239300966523995 3.6888794541139363 1.2909841813155656 1.2909841813155656 1.1239300966523995 1.2909841813155656 1.1239300966523995 1.1239300966523995 1.491654876777717 0.32158362412746233 1.491654876777717 0.8556661100577202 3.5263605246161616 1.742969305058623 0.8556661100577202 0.8556661100577202
CP014216 1.742969305058623 1.742969305058623 0.19237189264745613 0.8556661100577202 3.6888794541139363 3.6888794541139363 3.6888794541139363 0.8556661100577202 1.491654876777717 1.0185695809945732 0.8556661100577202 0.0 1.6916760106710724 2.0794415416798357 1.491654876777717 1.4403615823901665 0.25489224962879004 0.4700036292457356 2.159484249353372 0.32158362412746233 0.32158362412746233 0.19237189264745613 0.19237189264745613 3.58351893845611 3.4657359027997265 0.13353139262452263 0.026668247082161294 0.20359895524123955 0.8043728156701697 0.8556661100577202 0.20359895524123955 0.025317807984289897 1.491654876777717 0.5930637220029626 2.0281482472922856 1.791759469228055 2.0794415416798357 2.0794415416798357 0.026668247082161294 1.491654876777717 1.491654876777717 1.491654876777717 0.4700036292457356 1.491654876777717 1.491654876777717 1.742969305058623 2.0794415416798357 2.0281482472922856 1.491654876777717 1.491654876777717 1.491654876777717 0.13353139262452263 1.742969305058623 0.13353139262452263 0.8556661100577202 1.491654876777717 1.491654876777717 1.491654876777717 1.491654876777717 1.742969305058623 1.742969305058623 0.8556661100577202 1.742969305058623 0.25489224962879004 1.5198257537444133 2.890371757896165 0.41871033485818493 0.6443570163905132 0.4700036292457356 0.5533852381847867 0.4700036292457356 0.5533852381847867 0.6443570163905132 0.4700036292457356 0.6931471805599453 0.5020919437972361 1.491654876777717 0.25489224962879004 0.25489224962879004 0.25489224962879004 0.25489224962879004 2.0794415416798357 1.491654876777717 1.491654876777717 1.491654876777717 1.491654876777717 1.491654876777717 1.491654876777717 1.491654876777717 1.491654876777717 1.491654876777717 1.491654876777717 1.491654876777717 2.0794415416798357 1.9740810260220096 2.0794415416798357 2.0794415416798357 1.491654876777717 0.4700036292457356 0.8556661100577202 2.0794415416798357 3.6888794541139363 2.0794415416798357 1.491654876777717 1.491654876777717 1.491654876777717 1.491654876777717 1.491654876777717 1.742969305058623 0.8556661100577202 1.742969305058623 0.025317807984289897 3.5263605246161616 1.491654876777717 0.025317807984289897 0.0779615414697118
CP014292 2.0281482472922856 0.5930637220029626 1.6916760106710724 2.0281482472922856 3.6375861597263857 3.6375861597263857 3.6375861597263857 2.0281482472922856 0.20359895524123955 1.916922612182061 1.2396908869280152 1.6916760106710724 0.0 0.41871033485818493 0.20359895524123955 0.2876820724517809 1.6916760106710724 1.6916760106710724 3.1780538303479458 1.6916760106710724 1.6916760106710724 1.6916760106710724 1.6916760106710724 3.5263605246161616 3.4011973816621555 1.6916760106710724 1.6376087894007967 1.6376087894007967 1.9740810260220096 2.0281482472922856 1.9740810260220096 1.6916760106710724 0.2702903297399117 1.9740810260220096 0.41871033485818493 0.5679840376059393 0.41871033485818493 1.2396908869280152 1.6376087894007967 0.20359895524123955 0.20359895524123955 0.20359895524123955 1.6916760106710724 0.20359895524123955 0.20359895524123955 2.538973871058276 0.41871033485818493 2.4849066497880004 0.20359895524123955 0.20359895524123955 0.20359895524123955 1.6916760106710724 2.538973871058276 1.6916760106710724 1.2396908869280152 0.2702903297399117 0.20359895524123955 0.20359895524123955 0.20359895524123955 1.4403615823901665 1.4403615823901665 2.0281482472922856 1.4403615823901665 1.6916760106710724 0.10536051565782628 2.772588722239781 1.6376087894007967 1.6916760106710724 1.6916760106710724 1.6916760106710724 1.6916760106710724 1.6916760106710724 1.6916760106710724 1.6916760106710724 1.6376087894007967 1.6376087894007967 1.072636802264849 1.6916760106710724 1.6916760106710724 1.6916760106710724 1.6916760106710724 1.2396908869280152 0.20359895524123955 0.20359895524123955 0.20359895524123955 0.20359895524123955 0.20359895524123955 0.20359895524123955 0.20359895524123955 0.20359895524123955 0.20359895524123955 0.20359895524123955 0.2702903297399117 0.9295359586241757 2.4277482359480516 0.8043728156701697 2.538973871058276 0.2702903297399117 1.6916760106710724 2.0281482472922856 0.41871033485818493 3.6375861597263857 0.41871033485818493 0.2702903297399117 0.3417492937220567 0.2702903297399117 0.20359895524123955 0.20359895524123955 1.6916760106710724 2.0281482472922856 0.8043728156701697 1.6916760106710724 3.4657359027997265 1.072636802264849 1.6916760106710724 2.0281482472922856
CP015366 1.2909841813155656 0.5533852381847867 2.0794415416798357 2.0794415416798357 3.6888794541139363 3.6888794541139363 3.6888794541139363 2.0794415416798357 0.32158362412746233 1.9740810260220096 1.2909841813155656 2.0794415416798357 0.41871033485818493 0.0 0.32158362412746233 0.41871033485818493 2.0794415416798357 2.0794415416798357 2.159484249353372 2.5902671654458267 2.5902671654458267 2.0794415416798357 2.0794415416798357 3.58351893845611 3.4657359027997265 2.0794415416798357 2.0281482472922856 2.538973871058276 2.0281482472922856 2.0794415416798357 2.0281482472922856 2.0794415416798357 0.3930425881096072 2.0281482472922856 0.026668247082161294 0.10536051565782628 0.025317807984289897 1.2909841813155656 2.0281482472922856 0.32158362412746233 0.32158362412746233 0.32158362412746233 2.0794415416798357 0.32158362412746233 0.32158362412746233 1.742969305058623 0.025317807984289897 3.6375861597263857 0.32158362412746233 0.32158362412746233 0.32158362412746233 2.0794415416798357 1.742969305058623 2.0794415416798357 1.2909841813155656 0.3930425881096072 0.3930425881096072 0.32158362412746233 0.32158362412746233 0.8556661100577202 0.8556661100577202 2.0794415416798357 0.8556661100577202 2.5902671654458267 0.33024168687057687 2.890371757896165 2.0281482472922856 2.0794415416798357 2.0794415416798357 2.0794415416798357 2.0794415416798357 2.0794415416798357 2.5902671654458267 2.0794415416798357 2.538973871058276 2.0281482472922856 0.5533852381847867 2.0794415416798357 2.0794415416798357 2.0794415416798357 2.0794415416798357 1.2909841813155656 0.3930425881096072 0.3930425881096072 0.3930425881096072 0.3930425881096072 0.3930425881096072 0.3930425881096072 0.3930425881096072 0.3930425881096072 0.3930425881096072 0.32158362412746233 0.3930425881096072 0.5533852381847867 1.3862943611198906 0.4700036292457356 1.491654876777717 0.3930425881096072 2.0794415416798357 2.0794415416798357 0.0779615414697118 3.6888794541139363 0.13353139262452263 0.3930425881096072 0.4700036292457356 0.3930425881096072 0.32158362412746233 0.32158362412746233 1.2909841813155656 2.0794415416798357 0.32158362412746233 2.0794415416798357 3.5263605246161616 0.6443570163905132 2.0794415416798357 2.0794415416798357
CP016297 2.0794415416798357 0.32158362412746233 1.491654876777717 2.0794415416798357 3.6888794541139363 3.6888794541139363 3.6888794541139363 2.0794415416798357 0.025317807984289897 1.9740810260220096 1.1239300966523995 1.491654876777717 0.20359895524123955 0.32158362412746233 0.0 0.08223809823697212 1.491654876777717 1.491654876777717 3.258096538021482 1.742969305058623 1.742969305058623 1.491654876777717 1.491654876777717 3.58351893845611 3.4657359027997265 1.491654876777717 1.4403615823901665 1.6916760106710724 2.0281482472922856 2.0794415416798357 1.6916760106710724 1.491654876777717 0.0779615414697118 2.0281482472922856 0.3417492937220567 0.456758402495715 0.32158362412746233 1.2909841813155656 1.4403615823901665 0.025317807984289897 0.025317807984289897 0.025317807984289897 1.491654876777717 0.025317807984289897 0.025317807984289897 2.5902671654458267 0.32158362412746233 2.538973871058276 0.025317807984289897 0.025317807984289897 0.025317807984289897 1.491654876777717 2.5902671654458267 1.491654876777717 1.1239300966523995 0.0779615414697118 0.0779615414697118 0.025317807984289897 0.025317807984289897 1.2909841813155656 1.2909841813155656 2.0794415416798357 1.2909841813155656 1.742969305058623 0.0317486983145803 2.890371757896165 1.4403615823901665 1.491654876777717 1.491654876777717 1.491654876777717 1.491654876777717 1.491654876777717 1.742969305058623 1.491654876777717 1.6916760106710724 1.4403615823901665 0.9808292530117262 1.491654876777717 1.491654876777717 1.491654876777717 1.491654876777717 1.2909841813155656 0.0779615414697118 0.0779615414697118 0.0779615414697118 0.0779615414697118 0.0779615414697118 0.0779615414697118 0.0779615414697118 0.0779615414697118 0.0779615414697118 0.025317807984289897 0.0779615414697118 0.6443570163905132 2.4849066497880004 0.5533852381847867 2.5902671654458267 0.0779615414697118 1.491654876777717 2.0794415416798357 0.25489224962879004 3.6888794541139363 0.25489224962879004 0.0779615414697118 0.13353139262452263 0.0779615414697118 0.025317807984289897 0.025317807984289897 1.742969305058623 2.0794415416798357 0.6443570163905132 1.491654876777717 3.5263605246161616 0.9808292530117262 1.491654876777717 1.742969305058623
CP016302 2.538973871058276 0.3417492937220567 1.4403615823901665 2.0281482472922856 3.6375861597263857 3.6375861597263857 3.6375861597263857 2.0281482472922856 0.08223809823697212 1.916922612182061 1.2396908869280152 1.4403615823901665 0.2876820724517809 0.41871033485818493 0.08223809823697212 0.0 1.4403615823901665 1.4403615823901665 3.258096538021482 1.6916760106710724 1.6916760106710724 1.4403615823901665 1.4403615823901665 3.58351893845611 3.4657359027997265 1.4403615823901665 1.3862943611198906 1.6376087894007967 1.9740810260220096 2.0281482472922856 1.6376087894007967 1.4403615823901665 0.14107859825990549 1.9740810260220096 0.4480247225269604 0.6241543090729939 0.41871033485818493 1.4403615823901665 1.3862943611198906 0.08223809823697212 0.08223809823697212 0.08223809823697212 1.4403615823901665 0.08223809823697212 0.08223809823697212 2.538973871058276 0.41871033485818493 2.4849066497880004 0.08223809823697212 0.08223809823697212 0.08223809823697212 1.4403615823901665 2.538973871058276 1.4403615823901665 1.2396908869280152 0.14107859825990549 0.14107859825990549 0.08223809823697212 0.08223809823697212 1.2396908869280152 1.2396908869280152 2.0281482472922856 1.2396908869280152 1.6916760106710724 0.03390155167568134 2.890371757896165 1.3862943611198906 1.4403615823901665 1.4403615823901665 1.4403615823901665 1.4403615823901665 1.4403615823901665 1.6916760106710724 1.4403615823901665 1.6376087894007967 1.3862943611198906 1.072636802264849 1.4403615823901665 1.4403615823901665 1.4403615823901665 1.4403615823901665 1.4403615823901665 0.14107859825990549 0.14107859825990549 0.14107859825990549 0.14107859825990549 0.14107859825990549 0.14107859825990549 0.14107859825990549 0.14107859825990549 0.14107859825990549 0.08223809823697212 0.14107859825990549 0.6931471805599453 2.4277482359480516 0.6931471805599453 2.538973871058276 0.14107859825990549 1.4403615823901665 2.0281482472922856 0.3417492937220567 3.6375861597263857 0.3417492937220567 0.14107859825990549 0.20359895524123955 0.14107859825990549 0.08223809823697212 0.08223809823697212 1.6916760106710724 2.0281482472922856 0.8043728156701697 1.4403615823901665 3.4657359027997265 0.9295359586241757 1.4403615823901665 1.6916760106710724
CP017643 2.0794415416798357 1.742969305058623 0.25489224962879004 0.8556661100577202 3.6888794541139363 3.6888794541139363 3.6888794541139363 0.8556661100577202 1.491654876777717 1.0185695809945732 0.9808292530117262 0.25489224962879004 1.6916760106710724 2.0794415416798357 1.491654876777717 1.4403615823901665 0.0 0.6443570163905132 1.6486586255873816 0.25489224962879004 0.25489224962879004 0.25489224962879004 0.25489224962879004 3.58351893845611 3.4657359027997265 0.25489224962879004 0.20359895524123955 0.3417492937220567 0.8043728156701697 0.8556661100577202 0.2702903297399117 0.25489224962879004 1.491654876777717 0.9295359586241757 2.0281482472922856 1.791759469228055 2.0794415416798357 2.0794415416798357 0.20359895524123955 1.491654876777717 1.491654876777717 1.491654876777717 0.6443570163905132 1.491654876777717 1.491654876777717 2.5902671654458267 2.0794415416798357 2.0281482472922856 1.491654876777717 1.491654876777717 1.491654876777717 0.25489224962879004 2.5902671654458267 0.25489224962879004 0.9808292530117262 1.491654876777717 1.491654876777717 1.491654876777717 1.491654876777717 1.742969305058623 1.742969305058623 0.8556661100577202 1.742969305058623 0.32158362412746233 1.5198257537444133 2.890371757896165 0.5930637220029626 0.8556661100577202 0.6443570163905132 0.7444404749474959 0.6443570163905132 0.7444404749474959 0.8556661100577202 0.6443570163905132 0.9295359586241757 0.5930637220029626 1.742969305058623 0.32158362412746233 0.32158362412746233 0.32158362412746233 0.32158362412746233 2.0794415416798357 1.491654876777717 1.491654876777717 1.491654876777717 1.491654876777717 1.491654876777717 1.491654876777717 1.491654876777717 1.491654876777717 1.491654876777717 1.491654876777717 1.491654876777717 2.0794415416798357 1.9740810260220096 2.0794415416798357 2.0794415416798357 1.491654876777717 0.6443570163905132 0.8556661100577202 2.0794415416798357 3.6888794541139363 2.0794415416798357 1.491654876777717 1.491654876777717 1.491654876777717 1.491654876777717 1.491654876777717 1.742969305058623 0.8556661100577202 1.742969305058623 0.25489224962879004 3.5263605246161616 2.0794415416798357 0.25489224962879004 0.32158362412746233
CP017647 2.5902671654458267 1.742969305058623 0.4700036292457356 1.491654876777717 3.6888794541139363 3.6888794541139363 3.6888794541139363 1.491654876777717 1.491654876777717 1.6376087894007967 1.491654876777717 0.4700036292457356 1.6916760106710724 2.0794415416798357 1.491654876777717 1.4403615823901665 0.6443570163905132 0.0 3.258096538021482 0.7444404749474959 0.7444404749474959 0.4700036292457356 0.4700036292457356 3.58351893845611 3.4657359027997265 0.3930425881096072 0.41871033485818493 0.5930637220029626 1.4403615823901665 1.491654876777717 0.5020919437972361 0.4700036292457356 1.491654876777717 0.9295359586241757 2.0281482472922856 1.791759469228055 2.0794415416798357 2.5902671654458267 0.41871033485818493 1.491654876777717 1.491654876777717 1.491654876777717 0.0779615414697118 1.491654876777717 1.491654876777717 2.0794415416798357 2.0794415416798357 1.6916760106710724 1.491654876777717 1.491654876777717 1.491654876777717 0.3930425881096072 2.0794415416798357 0.3930425881096072 1.491654876777717 1.491654876777717 1.491654876777717 1.491654876777717 1.491654876777717 2.0794415416798357 2.0794415416798357 1.491654876777717 2.0794415416798357 0.5533852381847867 1.5198257537444133 2.890371757896165 0.026668247082161294 0.19237189264745613 0.0779615414697118 0.13353139262452263 0.0779615414697118 0.13353139262452263 0.25489224962879004 0.0779615414697118 0.20359895524123955 0.08223809823697212 1.742969305058623 0.4700036292457356 0.4700036292457356 0.4700036292457356 0.4700036292457356 2.5902671654458267 1.491654876777717 1.491654876777717 1.491654876777717 1.491654876777717 1.491654876777717 1.491654876777717 1.491654876777717 1.491654876777717 1.491654876777717 1.491654876777717 1.491654876777717 2.0794415416798357 2.4849066497880004 2.0794415416798357 2.5902671654458267 1.491654876777717 0.0779615414697118 1.491654876777717 2.0794415416798357 3.6888794541139363 2.0794415416798357 1.491654876777717 1.491654876777717 1.491654876777717 1.491654876777717 1.491654876777717 2.5902671654458267 1.491654876777717 1.742969305058623 0.4700036292457356 3.5263605246161616 1.742969305058623 0.4700036292457356 0.5533852381847867
